4,3
4,2
4,1
4,0
3,6
3,5
3,4
3,3
3,2
3,1
3,0
1,2
0,243
0,4
0,316
0,315
0,310
0,305
1,0
39,0
0,304
0,303
0,302
0,1
0,11
0,7
0,6
0,5
0,3
0,0
2,1
50,1
50,0
50,3
50,2
0,308
0,307
1,1
0,12
0,10
0,9
0,8
2,5
2,4
39,1
1,3
2,3
2,2
2,0
39,4
39,3
0,415
0,300
0,414
0,299
0,298
0,434
0,297
0,413
0,296
0,412
0,295
0,433
0,294
0,411
0,293
0,410
0,292
0,409
0,291
0,407
0,290
0,406
0,289
0,432
0,288
0,431
0,287
0,430
0,286
0,405
0,285
0,404
0,284
0,429
0,283
0,403
0,282
0,402
0,281
0,401
0,280
0,400
0,279
0,399
0,278
0,428
0,277
0,427
0,276
0,426
0,275
0,398
0,274
0,397
0,273
0,272
0,396
0,271
0,395
0,270
0,394
0,269
0,393
0,268
0,392
0,267
0,425
0,266
0,424
0,265
0,423
0,264
0,391
0,263
0,390
0,262
0,422
0,261
0,389
0,260
0,388
0,259
0,387
0,258
0,386
0,257
0,385
0,256
0,421
0,255
0,420
0,254
0,372
0,253
0,384
0,252
0,383
0,251
0,371
0,250
0,370
0,249
0,382
0,248
0,381
0,247
0,380
0,246
0,379
0,245
0,419
0,244
0,418
0,242
0,417
0,241
0,369
0,240
0,378
0,239
0,416
0,238
0,377
0,237
0,376
0,236
0,375
0,235
0,374
0,234
0,373
0,233
0,435
0,232
0,368
0,231
0,367
0,230
0,366
0,229
0,365
0,228
0,364
0,227
0,363
0,226
0,362
0,225
0,361
0,224
0,360
0,223
0,359
0,222
0,358
0,221
0,357
0,220
0,356
0,219
0,355
0,218
0,354
0,217
0,353
0,216
0,352
0,215
0,351
0,214
0,350
0,213
0,349
0,212
0,348
0,211
0,347
0,210
0,346
0,209
0,345
0,208
0,344
0,207
0,343
0,206
0,342
0,205
0,341
0,204
0,340
0,203
0,339
0,202
0,338
0,201
0,337
0,200
0,336
